0.843389
0.895219
0.866178
0.892441
0.844365
0.874995
0.875927
0.952790
0.851026
0.899261
0.882536
0.885553
0.842191
0.874264
0.840591
0.885002
0.891777
0.899001
0.963785
0.910720
0.900282
0.834550
0.825371
0.911485
0.849731
0.951336
0.887193
0.904862
0.892740
0.839511
0.914594
0.865633
0.894975
0.887268
0.787539
0.848978
0.897276
0.900821
0.876709
0.874743
0.818456
0.838584
0.810394
0.911493
0.899484
0.909422
0.766275
0.825199
0.909666
0.890132
0.944150
0.838728
0.909645
0.815103
0.906486
0.811288
0.913498
0.823297
0.824917
0.846048
0.887786
0.918079
0.890054
0.906175
0.916905
0.901710
0.875162
0.872105
0.873748
0.938044
0.891662
0.852900
0.871198
0.912259
0.843260
0.851440
0.841566
0.840059
0.843755
0.884530
0.895579
0.806506
0.837926
0.876917
0.899384
0.912332
0.878991
0.885260
0.838713
0.887186
0.874528
0.987632
0.890300
0.823207
0.882791
0.880771
0.940993
0.879666
0.920494
0.821637
