0.414854
0.468916
0.473390
0.518126
0.447821
0.449525
0.527895
0.494603
0.478409
0.419534
0.503107
0.533258
0.566393
0.430472
0.462185
0.472101
0.437034
0.504163
0.474864
0.495010
0.467569
0.441779
0.564980
0.470301
0.418023
0.495656
0.482772
0.457009
0.496320
0.423693
0.460046
0.469860
0.474151
0.467494
0.494231
0.454314
0.504111
0.422072
0.503778
0.429020
0.481126
0.497791
0.440447
0.441707
0.462512
0.462585
0.442288
0.463870
0.552054
0.453958
0.558491
0.473183
0.520910
0.493712
0.512647
0.419012
0.520579
0.426895
0.482967
0.448293
0.496466
0.454221
0.489874
0.489586
0.454942
0.419552
0.462093
0.474231
0.422830
0.527875
0.574441
0.446855
0.486802
0.484928
0.533058
0.402226
0.524085
0.505095
0.477800
0.430032
0.475884
0.448254
0.494169
0.542113
0.491549
0.523929
0.510144
0.464838
0.458699
0.461459
0.445505
0.385978
0.462461
0.501936
0.471497
0.435621
0.498267
0.569437
0.520807
0.428317
