0.880631
0.861121
0.831051
0.893499
0.806781
0.893710
0.905617
0.944122
0.864910
0.773572
0.871222
0.919913
0.876939
0.931557
0.854624
0.832161
0.923408
0.965978
0.876018
0.896089
0.885289
0.858911
0.843583
0.906429
0.810011
0.884398
0.946727
0.899366
0.954189
0.884162
0.859482
0.810783
0.812577
0.972473
0.836278
0.830450
0.917190
0.791920
0.883746
0.900964
0.924038
0.862282
0.849107
0.831092
0.887992
0.844518
0.890963
0.842702
0.824341
0.840511
0.860089
0.918394
0.825959
0.842772
0.818087
0.836154
0.872259
0.809425
0.899031
0.908539
0.879255
0.910660
0.843609
0.835223
0.842545
0.880215
0.845509
0.925759
0.904401
0.895637
0.820161
0.972181
0.900282
0.846072
0.841562
0.818968
0.927596
0.788346
0.867527
0.870651
0.931203
0.899104
0.779021
0.905252
0.891056
0.805359
0.893062
0.889038
0.790175
0.900528
0.863878
0.901696
0.902838
0.883135
0.913628
0.852624
0.859742
0.883870
0.869808
0.875880
