0.808816
0.834973
0.852495
0.839927
0.857492
0.891887
0.948497
0.869992
0.943055
0.890924
0.852366
0.901294
0.928262
0.864470
0.932339
0.865250
0.916346
0.885130
0.975590
0.840414
0.839351
0.904495
0.889406
0.860529
0.908445
0.929950
0.919774
0.892079
0.810869
0.795888
0.907936
0.901985
0.819004
0.830696
0.923169
0.853905
0.934026
0.875715
0.807295
0.941754
0.869403
0.925850
0.944751
0.838612
0.765666
0.848395
0.848364
0.874129
0.894886
0.895916
0.877842
0.882435
0.891747
0.888363
0.849505
0.792649
0.895408
0.787809
0.846488
0.945916
0.894665
0.958444
0.897322
0.846878
0.856820
0.950543
0.859422
0.879561
0.829042
0.911435
0.890633
0.834933
0.967065
0.928699
0.854886
0.833336
0.812207
0.877304
0.922804
0.814796
0.923005
0.779528
0.860168
0.873584
0.863179
0.812976
0.862543
0.885543
0.834195
0.831701
0.877321
0.981108
0.862481
0.890720
0.954803
0.927790
0.948625
0.860955
0.922516
0.870252
