0.843584
0.856365
0.856888
0.902144
0.878502
0.876893
0.880492
0.943334
0.943266
0.841469
0.826282
0.884144
0.872488
0.963122
0.868480
0.860759
0.966269
0.865921
0.887534
0.890606
0.886612
0.925053
0.866638
0.813063
0.852059
0.817491
0.878093
0.917313
0.811437
0.917668
0.867296
0.839565
0.833514
0.922024
0.895316
0.895298
0.894953
0.899466
0.815114
0.913758
0.875800
0.838623
0.906526
0.943753
0.881948
0.882416
0.912467
0.849531
0.804016
0.898670
0.881026
0.919497
0.825393
0.970642
0.855677
0.904608
0.859794
0.795602
0.799803
0.879890
0.853513
0.922252
0.895681
0.906443
0.880593
0.910323
0.848652
0.849010
0.875033
0.862020
0.914260
0.894466
0.914847
0.869948
0.899883
0.786022
0.816864
0.891639
0.878023
0.874654
0.927561
0.853657
0.903925
0.852744
0.846201
0.843511
0.838922
0.900013
0.890416
0.832212
0.886035
0.947584
0.857434
0.876133
0.816506
0.859825
0.815652
0.868348
0.884088
0.791914
