0.831310
0.836435
0.862224
0.863194
0.865248
0.835136
0.850694
0.938202
0.936021
0.858848
0.860590
0.875428
0.864889
0.871408
0.891125
0.902113
0.887896
0.896929
0.875924
0.862723
0.900288
0.868646
0.854517
0.886946
0.858971
0.882303
0.916651
0.887708
0.809381
0.867630
0.878773
0.906134
0.856284
0.847832
0.880156
0.783648
0.879450
0.879581
0.869891
0.878334
0.936704
0.841685
0.847439
0.915296
0.897021
0.809601
0.872363
0.864304
0.849160
0.821321
0.859212
0.914170
0.846052
0.870195
0.875062
0.896815
0.866455
0.873605
0.923436
0.858323
0.851787
0.911915
0.863222
0.863830
0.891989
0.871967
0.835316
0.869556
0.868601
0.899678
0.823982
0.828534
0.842931
0.856975
0.936384
0.883263
0.828541
0.900902
0.927259
0.834400
0.856657
0.805416
0.895669
0.839148
0.868344
0.799261
0.946869
0.823963
0.831454
0.880800
0.818037
0.959618
0.858108
0.910776
0.900532
0.848605
0.847436
0.862356
0.865824
0.854282
