0.858361
0.836247
0.906650
0.855998
0.915573
0.825185
0.866338
0.829160
0.906190
0.904782
0.850391
0.921884
0.886927
0.855372
0.868175
0.887512
0.843092
0.887270
0.866061
0.873295
0.870738
0.902968
0.913554
0.882292
0.896398
0.870556
0.975710
0.925202
0.889947
0.921689
0.881551
0.901209
0.828028
0.898791
0.843584
0.846987
0.912559
0.840429
0.862996
0.936622
0.907822
0.899346
0.830549
0.868984
0.900974
0.880933
0.850666
0.900841
0.886962
0.761362
0.898305
0.934491
0.874564
0.892521
0.925039
0.826939
0.846758
0.831654
0.870127
0.907846
0.883784
0.860410
0.873974
0.915598
0.892023
0.845614
0.951677
0.891282
0.877880
0.813522
0.937773
0.851108
0.902830
0.928540
0.878636
0.885631
0.869015
0.847999
0.856563
0.890055
0.909615
0.907562
0.906673
0.892902
0.885485
0.877883
0.836567
0.836699
0.857710
0.921884
0.871554
0.862572
0.834805
0.878131
0.884880
0.851111
0.927707
0.863323
0.887737
0.923263
