0.785225
0.746430
0.766569
0.726595
0.750967
0.704523
0.771251
0.674056
0.784303
0.759957
0.750679
0.728418
0.758300
0.735677
0.744427
0.823132
0.657139
0.754939
0.811568
0.751413
0.793529
0.763206
0.734748
0.695686
0.729661
0.718003
0.798292
0.814411
0.801355
0.782589
0.689271
0.749460
0.749449
0.729108
0.770571
0.714556
0.756300
0.784222
0.772803
0.739424
0.720504
0.735437
0.720156
0.793809
0.748873
0.804824
0.758233
0.695304
0.759273
0.708918
0.774039
0.714826
0.807586
0.762514
0.755736
0.711176
0.804078
0.770927
0.767034
0.757197
0.746850
0.770142
0.799195
0.754138
0.718802
0.782711
0.758457
0.766836
0.764040
0.736017
0.738297
0.766284
0.761070
0.769390
0.800372
0.738959
0.811788
0.713018
0.723772
0.706669
0.767713
0.734057
0.784699
0.745398
0.738075
0.702477
0.708608
0.698560
0.759731
0.730220
0.741587
0.765845
0.699695
0.751279
0.774178
0.765391
0.770591
0.756139
0.769403
0.785734
