0.389117
0.430208
0.354836
0.371646
0.398204
0.368490
0.400219
0.393197
0.412273
0.369457
0.442578
0.406484
0.337001
0.345460
0.385399
0.392370
0.365249
0.425702
0.419520
0.390626
0.415203
0.417383
0.421326
0.355611
0.409281
0.373074
0.397474
0.409556
0.431966
0.356256
0.417999
0.405480
0.386493
0.412796
0.434512
0.398714
0.382871
0.416607
0.397831
0.424074
0.456628
0.440450
0.406740
0.432289
0.394229
0.403467
0.461329
0.426075
0.399186
0.380145
0.399545
0.440762
0.431386
0.381771
0.388270
0.429912
0.373370
0.362399
0.353093
0.359701
0.401159
0.359591
0.317853
0.399391
0.362180
0.378212
0.370592
0.376304
0.385752
0.460719
0.452920
0.386103
0.346003
0.413037
0.398607
0.391188
0.410818
0.400222
0.406123
0.411362
0.429781
0.401603
0.417628
0.399772
0.449966
0.431147
0.452669
0.430988
0.380831
0.417436
0.461456
0.434995
0.387872
0.378397
0.356207
0.433325
0.463593
0.428053
0.428931
0.419170
