0.697784
0.650043
0.702660
0.696299
0.708752
0.653533
0.658309
0.726359
0.718410
0.717479
0.699520
0.672842
0.669811
0.670167
0.705134
0.696426
0.663964
0.726396
0.718186
0.667024
0.650319
0.641086
0.721815
0.687804
0.682544
0.672914
0.727201
0.726193
0.661154
0.675953
0.685474
0.701905
0.699411
0.652308
0.712626
0.700188
0.627958
0.769017
0.645665
0.692240
0.691077
0.694948
0.653206
0.690990
0.660896
0.738941
0.671586
0.693353
0.717163
0.657283
0.728517
0.722972
0.727934
0.666456
0.743114
0.722893
0.689372
0.717993
0.680463
0.655601
0.691381
0.688773
0.707448
0.676633
0.714322
0.676208
0.664518
0.665431
0.719336
0.676613
0.711428
0.674050
0.659370
0.748223
0.699658
0.680735
0.715738
0.666883
0.705237
0.721994
0.683883
0.738474
0.667660
0.705066
0.699236
0.722361
0.687438
0.710963
0.679603
0.713668
0.710691
0.704899
0.622637
0.729009
0.690964
0.663691
0.690920
0.713024
0.704937
0.650184
