0.681189
0.684098
0.721195
0.648216
0.710300
0.653117
0.696722
0.643833
0.642911
0.764783
0.704276
0.724014
0.715614
0.678881
0.671681
0.673434
0.714331
0.695410
0.750108
0.689188
0.729340
0.684555
0.734216
0.693646
0.661271
0.683335
0.734074
0.734594
0.687770
0.703347
0.719273
0.689080
0.705362
0.680160
0.654973
0.681751
0.729302
0.724850
0.688701
0.746957
0.686008
0.725229
0.715427
0.708667
0.680873
0.738249
0.727581
0.719659
0.647842
0.777857
0.717208
0.722050
0.715561
0.690037
0.685081
0.706113
0.747095
0.703668
0.715954
0.669041
0.675830
0.709609
0.716357
0.700947
0.702276
0.703976
0.678758
0.669661
0.712526
0.697330
0.699783
0.645571
0.680552
0.692003
0.667986
0.730486
0.737187
0.701139
0.699526
0.697895
0.704468
0.687389
0.713803
0.753545
0.658552
0.690517
0.718905
0.730627
0.701774
0.767505
0.682047
0.717131
0.644931
0.677596
0.711106
0.696565
0.740552
0.653327
0.711682
0.704567
