0.755002
0.753555
0.771176
0.686262
0.760804
0.704387
0.750868
0.746210
0.754750
0.822113
0.762223
0.806019
0.778646
0.741668
0.688193
0.746740
0.755617
0.712975
0.838560
0.729256
0.737345
0.765661
0.730859
0.695305
0.805855
0.718216
0.780622
0.816264
0.741863
0.789075
0.744825
0.776496
0.750392
0.737448
0.748182
0.749084
0.771349
0.772189
0.773329
0.739343
0.740764
0.737728
0.747949
0.786949
0.757666
0.752994
0.714820
0.759400
0.705890
0.720728
0.734498
0.719541
0.736781
0.716343
0.776547
0.721843
0.777417
0.723339
0.738229
0.743992
0.806226
0.685655
0.785439
0.750479
0.772693
0.749193
0.770408
0.789969
0.702869
0.784572
0.718612
0.714897
0.730038
0.744842
0.781237
0.789439
0.813389
0.695914
0.791782
0.704819
0.750238
0.797647
0.684088
0.713080
0.762784
0.714224
0.730953
0.748454
0.729996
0.744228
0.805054
0.743480
0.718842
0.717762
0.800512
0.711247
0.780951
0.728692
0.719828
0.761793
